INIT 38766954336585295 12676472629174741 92434952779358224 29488428841457693 66612566148941955 22385879459627536 95232734592581935 76381795323663472 22113231871744356 46459693469654545
FIRST 4 4 7 4 909
SECOND 8 2 8 6 1960
FIRST 0 7 0 9 826
SECOND 0 16 2 16 1568
FIRST 1 7 1 9 751
SECOND 5 6 6 6 1254
FIRST 3 10 3 12 683
SECOND 6 3 6 5 1003
FIRST 3 0 5 0 621
SECOND 7 7 7 9 803
FIRST 1 10 1 11 564
SECOND 4 8 6 8 62
FIRST 4 7 4 9 513
SECOND 0 1 1 1 84
FIRST 0 0 0 2 466
SECOND 9 1 9 2 3
FIRST 1 0 2 0 424
SECOND 5 12 6 12 20
FIRST 6 12 7 13 385
SECOND 9 8 9 9 608
FIRST 7 6 8 7 350
SECOND 7 5 7 10 487
FIRST 7 11 7 14 318
SECOND 1 2 2 2 0
FIRST 1 4 1 5 290
SECOND 0 4 2 4 19
FIRST 3 6 3 7 263
SECOND 8 1 8 8 248
FIRST 8 0 8 10 239
SECOND 4 15 4 16 0
FIRST 1 3 2 3 175
SECOND 3 2 4 2 0
FIRST 4 13 4 14 50
SECOND 6 15 7 15 0
FIRST 2 13 2 14 34
SECOND 7 3 7 16 0
FIRST 6 2 9 3 20
SECOND 2 11 2 15 0
FIRST -1 -1 -1 -1 2
FIRST -1 -1 -1 -1 2
SECOND -1 -1 -1 -1 0
FINISH
SCOREFIRST 50
SCORESECOND 42
