INIT 36916523251825838 53628296226692583 44727441448462646 97965826592743399 87544339226531158 77616362776312788 26551238335711586 89477236166584714 71469723213664493 41299773142942469
FIRST 9 7 9 10 1963
SECOND 7 8 8 9 903
FIRST 1 3 1 4 1567
SECOND 4 5 7 5 900
FIRST 0 7 0 9 1254
SECOND 9 12 9 14 901
FIRST 1 7 1 9 1003
SECOND 5 10 5 12 680
FIRST 4 8 4 10 802
SECOND 4 3 6 3 340
FIRST 0 2 0 3 642
SECOND 2 14 4 14 340
FIRST 0 11 0 12 513
SECOND 6 16 7 16 340
FIRST 4 4 5 4 308
SECOND 2 15 2 16 340
FIRST 6 0 7 0 262
SECOND 5 7 6 7 340
FIRST 5 8 6 8 222
SECOND 3 5 3 6 340
FIRST 1 11 2 11 189
SECOND 5 9 6 9 1031
FIRST 2 12 3 12 161
SECOND 7 2 9 2 773
FIRST 9 1 9 3 137
SECOND 7 1 8 1 190
FIRST 2 10 3 10 466
SECOND 7 15 8 15 190
FIRST 5 4 6 6 186
SECOND 6 2 6 10 80
FIRST 8 14 9 15 75
SECOND 7 14 8 16 80
FIRST 2 8 2 13 30
SECOND 0 13 3 13 105
FIRST 2 6 7 6 5
SECOND 1 6 2 7 0
FIRST 8 12 8 13 0
SECOND -1 -1 -1 -1 1
SECOND -1 -1 -1 -1 1
FIRST -1 -1 -1 -1 0
FINISH
SCOREFIRST 44
SCORESECOND 48
