INIT 92254334958132757 59363934358997446 79636413377535186 47562115882918828 89216775883431556 36514666432575319 94138131852679583 83172898342985964 13845444585357728 28876177512166375
FIRST 9 9 9 12 1964
SECOND 6 1 8 1 239
FIRST 0 4 0 6 1567
SECOND 1 15 1 16 241
FIRST 6 0 6 2 1253
SECOND 7 2 7 4 238
FIRST 4 10 4 12 1003
SECOND 5 9 5 11 241
FIRST 9 0 9 1 802
SECOND 3 14 3 15 241
FIRST 8 8 9 8 642
SECOND 8 15 8 16 240
FIRST 9 14 9 15 513
SECOND 5 15 5 16 237
FIRST 3 9 3 10 308
SECOND 0 9 1 9 242
FIRST 0 11 1 11 262
SECOND 4 14 4 15 241
FIRST 5 2 5 4 222
SECOND 3 3 6 3 241
FIRST 7 15 7 16 758
SECOND 1 6 1 8 239
FIRST 2 6 3 7 303
SECOND 2 4 2 5 237
FIRST 4 2 8 2 121
SECOND 5 1 8 3 240
FIRST 3 12 4 13 0
SECOND 2 3 9 3 239
FIRST 8 0 8 5 0
SECOND 2 12 5 12 238
FIRST 2 13 5 13 0
SECOND 6 5 9 5 89
FIRST 2 8 2 9 0
SECOND -1 -1 -1 -1 1
SECOND -1 -1 -1 -1 1
FIRST -1 -1 -1 -1 0
FINISH
SCOREFIRST 39
SCORESECOND 42
