INIT 55815494685967843 71829726135651617 19565952523173774 52859518186816715 96261366115866212 52915898293439128 45797673263389118 19997914377666436 51896969378665614 87938942447344573
FIRST 1 8 5 8 1963
SECOND 0 3 0 5 1000
FIRST 5 0 7 0 1567
SECOND 3 1 5 1 900
FIRST 9 6 9 8 1254
SECOND 5 10 5 12 810
FIRST 1 13 3 13 1003
SECOND 4 3 4 5 729
FIRST 8 8 8 9 802
SECOND 6 14 6 16 656
FIRST 0 7 0 8 642
SECOND 9 15 9 16 590
FIRST 0 16 1 16 513
SECOND 5 13 5 14 533
FIRST 7 5 7 6 270
SECOND 5 2 5 3 478
FIRST 1 15 4 15 0
SECOND 0 15 8 15 224
FIRST 4 13 4 16 0
SECOND 7 16 8 16 217
FIRST 0 0 0 1 27
SECOND 1 1 2 1 386
FIRST 0 10 1 10 7
SECOND 1 10 2 11 347
FIRST 8 12 9 12 1
SECOND 1 2 1 3 182
FIRST 9 10 9 11 4
SECOND 2 7 3 7 294
FIRST 2 9 3 9 3
SECOND 4 9 5 9 149
FIRST 6 6 6 7 133
SECOND 5 7 6 8 109
FIRST 6 10 7 10 1
SECOND 4 7 7 7 10
FIRST 7 4 7 8 0
SECOND 3 2 4 2 0
FIRST 3 0 3 3 0
SECOND 2 0 4 0 0
FIRST 7 13 7 14 0
SECOND 7 1 8 1 0
FIRST 6 0 8 1 0
SECOND -1 -1 -1 -1 0
SECOND -1 -1 -1 -1 0
FIRST -1 -1 -1 -1 0
FINISH
SCOREFIRST 49
SCORESECOND 50
