INIT 36951714567242546 86721688674521221 71465239618827819 71657993463894757 86537862337476692 48434582762946239 54925387751954721 52588597167572254 85479974872858312 51334359575988524
FIRST 6 15 9 15 1963
SECOND 1 11 1 14 310
FIRST 0 6 0 8 1567
SECOND 1 2 1 4 306
FIRST 9 3 9 5 1254
SECOND 2 4 2 6 298
FIRST 6 10 8 10 1003
SECOND 7 16 9 16 287
FIRST 7 14 9 14 802
SECOND 5 13 6 13 285
FIRST 5 16 6 16 642
SECOND 6 3 6 5 281
FIRST 5 5 7 5 513
SECOND 1 16 2 16 301
FIRST 0 15 0 16 308
SECOND 2 2 3 2 280
FIRST 6 0 7 0 4
SECOND 3 13 4 13 287
FIRST 0 11 2 11 34
SECOND 2 10 2 12 280
FIRST 2 9 3 10 1
SECOND 3 8 4 9 149
FIRST 5 6 5 7 0
SECOND 7 13 8 13 5
FIRST 4 3 4 4 0
SECOND 3 2 4 3 1
FIRST -1 -1 -1 -1 0
FIRST -1 -1 -1 -1 0
SECOND -1 -1 -1 -1 0
FINISH
SCOREFIRST 33
SCORESECOND 33
