INIT 38766954336585295 12676472629174741 92434952779358224 29488428841457693 66612566148941955 22385879459627536 95232734592581935 76381795323663472 22113231871744356 46459693469654545
FIRST 8 2 8 6 1963
SECOND 4 4 7 4 833
FIRST 0 7 0 9 1567
SECOND 0 16 2 16 763
FIRST 3 0 5 0 1254
SECOND 1 7 1 9 700
FIRST 5 6 6 6 1003
SECOND 3 10 3 12 642
FIRST 6 3 6 5 802
SECOND 6 7 8 7 588
FIRST 1 0 2 0 642
SECOND 1 10 1 11 539
FIRST 4 8 6 8 513
SECOND 4 7 4 9 494
FIRST 6 15 7 15 100
SECOND 1 4 2 4 473
FIRST 9 1 9 2 18
SECOND 0 1 1 1 414
FIRST 0 0 0 2 46
SECOND 1 3 2 3 379
FIRST 9 8 9 9 1
SECOND 6 13 6 14 347
FIRST 4 15 4 16 4
SECOND 1 2 2 2 319
FIRST 3 6 3 7 3
SECOND 8 10 9 10 292
FIRST 5 13 7 13 63
SECOND 8 1 8 8 268
FIRST 8 7 9 9 0
SECOND 5 12 5 15 170
FIRST 7 12 7 14 0
SECOND 3 2 4 2 23
FIRST 4 13 4 14 0
SECOND 4 12 5 16 12
FIRST 3 16 7 16 0
SECOND -1 -1 -1 -1 2
SECOND -1 -1 -1 -1 2
FIRST -1 -1 -1 -1 0
FINISH
SCOREFIRST 39
SCORESECOND 45
