INIT 36916523251825838 53628296226692583 44727441448462646 97965826592743399 87544339226531158 77616362776312788 26551238335711586 89477236166584714 71469723213664493 41299773142942469
FIRST 9 7 9 10 700
SECOND 7 8 8 9 1960
FIRST 4 5 7 5 700
SECOND 0 2 0 3 1568
FIRST 0 7 0 9 520
SECOND 0 11 0 12 1254
FIRST 1 8 1 10 520
SECOND 8 12 9 12 1003
FIRST 1 3 3 3 520
SECOND 6 0 7 0 803
FIRST 4 8 4 10 520
SECOND 5 10 5 12 642
FIRST 4 3 6 3 340
SECOND 2 14 4 14 514
FIRST 7 13 9 13 340
SECOND 6 12 7 13 308
FIRST 8 11 8 14 342
SECOND 7 4 7 6 262
FIRST 1 13 5 13 340
SECOND 5 9 6 9 222
FIRST 4 12 5 14 340
SECOND 6 4 8 4 189
FIRST 3 5 3 6 340
SECOND 7 1 8 1 161
FIRST 9 14 9 15 190
SECOND 8 2 8 3 137
FIRST 1 14 6 14 190
SECOND 4 11 4 15 68
FIRST 2 12 3 12 190
SECOND 7 15 8 15 11
FIRST 4 4 5 4 864
SECOND 2 15 2 16 82
FIRST 2 10 3 10 648
SECOND 1 4 1 5 2
FIRST 5 7 6 7 0
SECOND 5 8 6 8 0
FIRST 6 16 7 16 2
SECOND 7 14 8 16 0
FIRST 6 3 7 6 2
SECOND 6 2 6 10 0
FIRST 0 10 8 10 1
SECOND 5 2 7 2 0
FIRST 1 11 2 11 0
SECOND -1 -1 -1 -1 0
SECOND -1 -1 -1 -1 0
FIRST -1 -1 -1 -1 0
FINISH
SCOREFIRST 57
SCORESECOND 48
