INIT 55815494685967843 71829726135651617 19565952523173774 52859518186816715 96261366115866212 52915898293439128 45797673263389118 19997914377666436 51896969378665614 87938942447344573
FIRST 1 8 5 8 1000
SECOND 7 0 7 1 1960
FIRST 1 13 3 13 900
SECOND 2 0 2 1 1568
FIRST 0 3 0 5 810
SECOND 9 6 9 8 1254
FIRST 5 10 5 12 729
SECOND 6 14 6 16 1003
FIRST 4 3 4 5 656
SECOND 3 1 5 1 803
FIRST 3 14 5 14 590
SECOND 4 16 5 16 642
FIRST 5 2 5 3 531
SECOND 0 7 0 8 514
FIRST 9 15 9 16 478
SECOND 7 14 8 14 308
FIRST 7 16 8 16 430
SECOND 0 16 1 16 262
FIRST 3 11 3 15 195
SECOND 2 15 5 15 222
FIRST 4 9 5 9 357
SECOND 9 10 9 11 189
FIRST 0 0 0 1 237
SECOND 5 0 5 4 161
FIRST 4 2 5 5 308
SECOND 2 9 3 9 137
FIRST 2 7 3 7 278
SECOND 8 12 9 12 116
FIRST 6 10 7 10 250
SECOND 2 10 3 11 396
FIRST 1 10 4 10 215
SECOND 7 8 7 9 50
FIRST 2 14 7 15 31
SECOND 2 15 8 16 2
FIRST 7 7 7 11 2
SECOND 7 5 7 6 0
FIRST 1 2 1 3 0
SECOND 1 1 1 4 0
FIRST 8 8 8 9 0
SECOND 6 6 6 7 0
FIRST 5 7 6 8 0
SECOND 6 9 9 9 0
FIRST -1 -1 -1 -1 0
FIRST -1 -1 -1 -1 0
SECOND -1 -1 -1 -1 0
FINISH
SCOREFIRST 50
SCORESECOND 49
