INIT 36951714567242546 86721688674521221 71465239618827819 71657993463894757 86537862337476692 48434582762946239 54925387751954721 52588597167572254 85479974872858312 51334359575988524
FIRST 6 14 6 16 283
SECOND 7 16 9 16 1960
FIRST 1 11 1 14 310
SECOND 0 6 0 8 1568
FIRST 1 2 1 4 304
SECOND 9 3 9 5 1254
FIRST 2 4 2 6 297
SECOND 6 10 8 10 1003
FIRST 6 3 6 5 286
SECOND 5 5 7 5 803
FIRST 1 16 2 16 282
SECOND 0 15 0 16 642
FIRST 2 2 3 2 276
SECOND 6 0 7 0 514
FIRST 3 13 4 13 288
SECOND 5 6 5 7 308
FIRST 3 10 4 10 278
SECOND 2 9 4 9 262
FIRST 4 8 5 8 260
SECOND 4 7 5 10 222
FIRST 4 6 4 11 276
SECOND 3 7 6 7 758
FIRST 2 8 3 8 277
SECOND 7 14 9 14 16
FIRST 9 13 9 15 210
SECOND 5 12 5 13 0
FIRST 7 13 8 13 72
SECOND 5 14 7 15 0
FIRST 5 15 8 16 47
SECOND 4 13 6 14 0
FIRST -1 -1 -1 -1 10
FIRST -1 -1 -1 -1 10
SECOND -1 -1 -1 -1 0
FINISH
SCOREFIRST 38
SCORESECOND 36
