INIT 92254334958132757 59363934358997446 79636413377535186 47562115882918828 89216775883431556 36514666432575319 94138131852679583 83172898342985964 13845444585357728 28876177512166375
FIRST 9 9 9 12 236
SECOND 0 4 0 6 1960
FIRST 6 2 8 2 238
SECOND 4 10 4 12 1568
FIRST 5 9 5 11 238
SECOND 7 4 7 5 1254
FIRST 9 14 9 15 237
SECOND 7 1 7 3 1003
FIRST 3 14 3 15 235
SECOND 0 9 1 9 803
FIRST 8 15 8 16 240
SECOND 9 0 9 1 642
FIRST 5 15 5 16 238
SECOND 3 9 3 10 514
FIRST 4 14 4 15 237
SECOND 7 15 7 16 308
FIRST 0 11 1 11 236
SECOND 1 15 1 16 262
FIRST 8 8 9 8 235
SECOND 2 6 3 7 222
FIRST 1 6 4 6 234
SECOND 1 7 2 8 189
FIRST 3 12 4 13 236
SECOND 2 3 4 3 645
FIRST 1 3 6 3 239
SECOND 0 2 1 3 258
FIRST 2 12 5 12 235
SECOND 5 7 5 8 103
FIRST 0 7 6 7 233
SECOND 2 13 5 13 2
FIRST 2 4 2 5 234
SECOND 5 1 6 1 0
FIRST -1 -1 -1 -1 47
FIRST -1 -1 -1 -1 47
SECOND -1 -1 -1 -1 0
FINISH
SCOREFIRST 45
SCORESECOND 33
