INIT 54758999999766344 58668899989687524 11111111119965375 74589899999895675 59798999999989566 11111899999996856 11111799999864776 63648698989544443 42564897887745546 46233598877475742
INIT 99999999999976877 89999991111111111 78769998999986879 77799899999886898 11111698998999786 11111889798689798 53133477768887695 64534444868967578 46443575779898998 44544267788786999
INIT 55525611111111115 75566679888894745 54536576958763246 11111878998967545 11111889988786465 58497888999968568 77899999999887775 98698999999977686 88999999999999978 97999999999989798
INIT 65855567462112553 59787686662534573 11111555726323645 11111789783527755 89997688747565578 79997859765575768 68997373615555354 59784848554524353 56787447552335466 75881111111111754
INIT 68435557887676767 11111378988666456 11111678777946344 47746696989989645 67745888999999778 64476455999999868 74642447889988687 86223366878987797 78411111111118687 65653544578587779
INIT 11111999887966765 11111999979896866 89899979999899777 87979799899997875 56689999999996478 44676668989698467 65544756576454434 54111111111155365 74347766756272555 55726586656535644
INIT 11111365444344465 98865457563341464 99894367543142134 98796487654424135 98565788555523143 78736667653344342 71111111111211242 53553457435311124 76545575856444524 11111685656523442
INIT 77899699999997985 96898999999977797 97999999999999868 87899999999999579 99799999999998986 11111111119967466 68788699999867886 45456648686855234 11111766966454655 11111877657764567
INIT 76676887979785666 76879796889696546 98897879686864557 99999999979756456 99999991111111111 99999998999854635 99989968575444242 11111677674553334 11111544866645544 78955453865233544
INIT 46446768966333445 35336776993552544 63243777865444455 35222711111111113 55525699889989755 34435847999978765 41111199999999986 31111169999999979 54667979999999978 34466569999999776
INIT 74644335466476989 63244466658777998 54232111111111199 35246247997999999 33422477999999999 31111177999999999 51111195999999999 46435769999999999 75435478999799999 65634678998969999
INIT 43764377756454656 56571111111111635 77548668767242343 55698999897462555 71111199997642444 61111198988764365 54655478999444253 36575257967553553 33455569779876445 55354665669773555
INIT 65411111111112563 55476865565434546 56457565563435358 61111147542736385 61111176646447599 47445534454566686 55765453577766578 54322434553567578 47312435435446766 46433424455466877
INIT 76444869999886686 77558999999897475 81111199999865434 61111199998976574 98799999999965476 66678999999655454 47467799997654164 36256896777443134 65535859885243335 45111111111134345
INIT 76456888998979977 51111197989997978 61111189999988768 78666699999998989 86355689999999797 66567789999999989 76356677899989799 55745879999998879 51111111111989788 76666777999897898
INIT 91111199999799999 81111199999999999 75887888999799999 58699998999999999 78679999999999999 69689999999999999 89768999897999999 11111111118999899 75767998998899999 57679897989999999
INIT 61111148667867877 45674366777766699 63424444645659999 54555677899989799 65553568999999999 77354688999999899 45423351111111111 56554467889998799 58363779988999899 71111188889987997
INIT 99989978795764654 99899998999686955 99888989799785685 89999999999988967 99899999999999897 99999911111111119 69688999999999998 99759799999978999 88111119798998797 67111118999997867
INIT 79999999999954766 79999999998956445 88899999998653654 99899999999777346 99991111111111356 99999999998844534 98879998988544323 99111119986514547 79111118685554367 98857798754455656
INIT 85846697999998999 67775877999999899 45566676999999999 44411111111119899 65886677989899999 79455555788676999 54111117998554879 63111115665444487 33442465685453689 34346455673643689
INIT 55686999999858654 56779999999987886 67111111111195586 87999999999999776 66889999999999886 66111119999979687 63111119999998475 65545899998545754 75436589999545366 55433779995456575
INIT 58886999989663544 81111111111987457 68978697999867436 78998999999866485 68111119999767467 78111119999978666 67779999999786346 67588779998967763 88899899999676644 69888998679843345
INIT 11111111116646656 55323385876465585 54344234665546676 33111115687377579 45111114584557788 55654344537786569 45421443463467475 62553121553265777 26243354774858678 65621445638365766
INIT 79685749999976556 88656589899884555 65111117898726227 77111116786633664 69662658696736565 57555566856647463 25223254555765664 55343326557546676 53463546877878756 77533541111111111
INIT 76554446544624344 77111117574313154 34111117653321234 68476987764444326 56455988562525454 74769688653424354 57576577655412312 65666874653324145 57575711111111117 44735476774534676
INIT 99911111988696999 99811111798979898 96979686647566979 69987988678769888 97987875667786899 99998799665666676 97846775444423745 89654111111111155 99934757754643546 75647647884562634
INIT 77411111668554443 77346467898777675 64544558997768445 68668888999976566 99788999999999776 98979999999996879 89991111111111495 99999999999898877 99999999999999777 99911111999999767
INIT 85577667798768987 78778769998879976 98566869989898999 67668689999999998 67868799999999999 55411111111119999 52556979999999998 53565789999999999 75511111999999998 37611111899988997
INIT 67787778999975687 97956799999998545 88674779998957267 77778799999986833 77111111111186676 96878899999875544 89788969697865224 97611111977651132 99711111677744444 67858555877332324
INIT 73776699999984757 53766689999995474 68677999999884789 51111111111878486 86789999999886568 67669869986864766 56611111967776544 67311111667546345 44766755855453355 63365546466546554
INIT 97633465543334686 67553455453365774 11111111114336557 58662356455363554 57611155343243344 45311111645324444 53111111533233634 53222144425153455 24443346327464846 26535345453434594
INIT 66879756547445553 77668761111111111 77598868876333357 58769576546324365 76811111776535455 56811111856346265 77689799998634466 75587877966631325 78599998977653375 67989898987787756
INIT 65535311111111115 44353242334233375 34223133432132345 36211111563244536 45411111765332346 75354375745231432 47431453757412431 64333367958634534 54225489786436453 54453686985553355
INIT 89998989977879576 99999998999889988 99911111798877657 99911111999699876 89899999998769798 99999999999899788 99688899998977998 99857599977579889 89876959799888888 79961111111111978
INIT 25675979999866767 45571111199997445 64791111199995368 67769999999976566 67587999999988864 56848899999988655 33345789999778755 53364768999987476 46211111111116367 42536567997974552
INIT 89661111167553564 99871111169653466 96665474746363345 86776566876764655 87766376746527474 78766665655476477 77645463654454274 55111111111143644 45536455745556666 45573347676646777
INIT 67631111144546766 63444466435254566 53545636883338368 56354455864358755 76444357876679898 75343375869797999 41111111111979899 74423335989999999 65433347999999899 66621111199998999
INIT 57799998989742662 77597999897664344 78477676956433443 77485977996766474 86768798888647755 11111111118898776 77678997978779697 66378777898888697 58651111199967695 74451111198657894
INIT 43423464344254696 45222636444443869 65654585552558799 55145557537489999 36627541111111111 35344532957799999 53232246999999999 63321111176599999 35251111157899999 45651356847787999
INIT 99999998987556547 99999999988753377 99999999999747436 99999811111111117 99999899989678467 99999899999975587 99991111199877875 97981111199576466 77796687899857878 78773586969577866
INIT 87969999997664455 59799999999765575 88999111111111156 89899999999887675 99999999999754343 49881111189534664 26781111195452462 74357786854351334 37368799943445563 66647798545564544
INIT 77476999997844546 86861111111111554 98899999996735234 99799999999463265 99791111198866357 99991111198657334 99999999999667676 99999999998652354 99999999999545537 99999999976642447
INIT 66811111111119999 84678999999999999 43648999989876899 57468111119979798 75567111119787777 48565768789767695 55565677767647557 66453765656675244 47355566748663476 45674667776637566
INIT 45463375978677988 56333357699889799 55323111118577899 56254111118989898 55455455667686798 66466855748768898 66458743554233575 77776877443435576 77869698955554666 78111111111146757
INIT 99985877774564567 88997111117646445 98655111112645457 88866666785747676 58563666777666999 86547557999689789 56644437977767697 65434367998989789 41111111111787787 54411446798769976
INIT 69986111113422324 99996111116115445 99986468786433343 99879779985551433 99989897999766475 79976999978552323 99997889996665362 11111111117754335 68667798997666567 77956999998776746
INIT 65665111118465757 57662555955537686 77644435476554759 57985558888865999 78975769999879989 76776688999999989 57677761111111111 75847598888999999 69585678989999899 76675111117988997
INIT 69776989997685577 98989999999675666 99998999999975889 99899999999778785 99999999989686576 88686611111111113 66676677648574426 98474464645445455 79988111118634345 77899111116424753
INIT 88885689997978644 99969999999998755 99989999999979755 96769869998988654 98771111111111575 86364648779974564 74432677795674234 62522111114452152 56131111118756433 52414454554655645
INIT 89644565765474677 86543354877364699 99764524556355888 99811111111118798 98996557796898899 99989789999989799 78859111119797997 99998111116668699 99998777999777887 79789799997986978
INIT 77666489699987645 96767689899976765 67111111111187674 86657899999999997 65577989999999896 77557611111996886 54552611111878554 55663478889865657 75745467998847574 46764666789652543
INIT 44543546676674474 31111111111866476 52313235577965456 52412434767653634 52121411111986333 44433311111978463 33232357996957553 43441247799674253 34214678889995543 55454787697964564
INIT 11111111119998998 89898899999899999 77889999998999786 98999911111999766 87889911111977887 79898989976698779 76879896877438853 86699896977365658 74689777787547786 66747678868365896
INIT 55568476843534666 44674969955464687 77464811111334567 79597811111557467 98879999988777588 99879999997675997 97698798998674678 79699999996998789 79889999999999899 59869991111111111
INIT 54424487989788979 67454511111886798 58462411111488899 79675343578554787 69966585845576699 97774545443457599 99857574534448899 98877746634264699 88889411111111117 69984875457547578
INIT 55755711111325345 66784611111562668 57766669965554569 67766667955375786 79888799976465999 68897858658465766 99998575758545775 67486111111111148 77587567965354346 67966688843432347
INIT 99998911111355988 89999999966344685 99899999857444347 79999999875544365 96889999986243675 79678776956423457 58441111111111255 66531575746231434 74644265864434444 36435411111243557
INIT 65522368572436686 44521556486756876 66745577787838758 57673677887676857 89957469989989999 67711111111119999 86957769689899998 85744444664478977 78535411111786867 66643611111788887
INIT 47799899999868675 67869999998995556 77799999999996354 86799999999794675 77111111111185775 76899999999957535 85769999999876253 56596991111184323 78789991111178657 88899999997975863
INIT 24613438755144558 44434668655244555 64222555763143349 51111111111547576 45347779876555446 57557586976754786 55546651111135667 75575781111153588 86577579975556778 69897769887746587
INIT 99868767554444445 99998988476434433 11111111113444366 99998968767634535 99888897785636247 99999971111143474 79887661111134375 79965564755335267 99695757466326766 97845565663564858
INIT 67635477765643322 67565581111111111 95556477766463344 87587679997764364 79697971111174464 77686871111155546 56452458787524351 76422677995823126 58354488775453244 44323889775532544
INIT 75647511111111116 66536799999999877 55565699999999979 74658891111199796 87568991111199998 65887999999999796 47544999999998856 54276889999999799 76588999999999897 64644679898999887
INIT 63546565879733765 44336588789758355 54526461111176555 86556991111199686 95768699999999996 57875999999999969 76637698999898755 76344868989987986 67335597999997999 54451111111111888
INIT 75554445465357999 34465471111164889 65654571111156699 75363557768777979 56545547876989997 55433566887579987 55355254888676999 35233245766886989 34611111111118998 54523344857678767
INIT 57956541111145756 97954761111164445 99994877977556446 99998487856598875 99997999996966575 99999897787465753 99999987544554355 99111111111125344 99999986734545555 99999996655124365
INIT 46634361111153432 34153678865655643 24532366877356756 44456679797786677 44566797987767657 56777899998776666 41111111111564568 53336668886765898 55555498999876798 56754891111189878
INIT 76967999999999999 65769999999999999 69697999999999998 85879999999998999 36578999999898873 11111111119694666 53154768986456344 33244277866311342 44234577111113443 44432286111114252
INIT 78989999889636543 69799999995656344 96989999989755446 99799999988856676 97999991111111111 69999979997876686 57989998879958777 76478976111117677 74878764111116565 56865554556857776
INIT 23214567786542534 63534588886752454 34423467956451344 55455611111111115 64655556745663646 45355457586536476 66754447111114674 46685554111114463 59889465554255377 76793855644434564
INIT 64625268999977665 64233889999998686 44455111111111155 57244999999999795 45779899999999968 78779999111119997 48969999111119998 77699999999999988 67789999999997976 46677899999989785
INIT 99999999999977857 99991111111111886 99999999999996999 99999999998956897 98989999111118777 59789867111116475 77866889588657333 57645343546742233 35652537656536263 54413447655645544
INIT 99911111111119999 99999999999999999 99999997987689999 99999997111117999 99899997111116988 88998785655645798 56564475662344686 78645754754243557 66536655775546568 58766375567325557
INIT 87995889957542663 66846686754524343 87687887111112553 75776697111113436 89897868767365545 98665555745666386 88465376867455577 76254442455334576 58421336545475665 65111111111156686
INIT 45744364865335564 67686589111113124 75987899111114464 87999999897555243 99999999987464465 99999999987742444 99999999997534364 99999999784333123 91111111111122235 68996686652232654
INIT 99899999711111585 99998999911111665 89799999888724576 99999999999565668 99999999998787367 99999999999896666 99898999999674263 11111111119764746 69699999999956497 75779999999875666
INIT 34452557811111459 52416688996548687 53422679999796778 32327779999978988 47464699999878877 34435578986577785 65452451111111111 43124145534314456 44342256537344476 43332354411111254
INIT 34333434544633565 43134455455544657 43242325333646558 65235634557646667 57466555476633379 54575711111111117 14345654324435667 41152415424414566 35244323411111678 23555535711111658
INIT 44774645655436734 46656564764435447 55334465863344546 63574578985367777 46561111111111686 64454586888698998 54444487998779998 42442675811111998 74564559911111999 75424577998899999
INIT 77877547664354766 99756889996777595 99766688999885649 88611111111119695 88678799998889998 87685759798999596 44738465911111776 57564649811111567 86777579999988777 66765578999869767
INIT 89999998999864565 99999999999967577 99111111111197877 99999999999868975 99999999999988998 99999999911111796 99999999911111679 79986787767855699 69868986987677889 87697986686657989
INIT 46583765674543426 71111111111646534 99986779899672446 99999999997656446 99999999911111688 89999999911111454 79999999999876535 97899999999833363 89799879999854322 69986678876733444
INIT 11111111117635566 79763576688758465 96755267869484378 89684688911111995 99968697711111767 77677886998899968 76555658979789879 58365596777669678 66655587869775659 66556498787667658
INIT 75846999676542222 77897988984746235 87987689781111136 88796989991111154 76879878897642255 68687999997443345 76998989995532223 57687999998553343 57899999999733364 47799991111111111
INIT 88979689997798699 77598899991111199 88859899961111186 89899999999988978 89779999999956696 99676899978768887 68676678897466465 89575789786655554 98797711111111117 77999787668649885
INIT 67566578861111156 99887578981111173 98979799999888646 78998999999996765 69898999999999775 66777888999876655 67447676998773463 55125111111111157 35533476978544563 56654558553523476
INIT 45374558991111167 64565769999997586 64766989999999879 88766899999999896 48666789999989799 55747578899868868 25351111111111336 65513435879755276 57526576989875557 54764548971111154
INIT 58875354754244675 78766666342346565 77767444333554787 66676455565667797 79677755958676999 67611111111115697 74776475465574577 74586646535457357 77578786861111176 87567447871111165
INIT 35858668764754664 78778776454655545 66574656764465557 87568778698878697 86111111111196888 54488869888866696 24455578666586787 46343566671111196 62444445971111187 32455526776987684
INIT 75576588999978887 47758899999897698 77668989989787688 71111111111799988 65575669999797767 56656886999997464 45325358881111154 34324266971111155 65245657789677667 67544357879977776
INIT 99999868644455346 99999899764413265 11111111112112243 99999977655625353 99979755542345434 99985677531111145 99664434431111143 98575554333431126 99987664555434354 79864534752223462
INIT 66864546666587756 45475661111111111 65551233345565267 35445486754563558 54655478671111156 56267555651111178 44525337536343456 66532574432323276 45533647555364346 66424563536232435
INIT 43442311111111118 36433644377666799 51111556547787999 24312557666111119 64424255666111117 54552227796989899 45224253565798797 62233537475858695 65146357787989976 54252755767947775
INIT 44344357655656776 46254345655888879 33354554589111119 35223374899111119 56455647999999999 44323347799999999 42434456769999999 53323324467889778 65224446646799896 55531111111111556
INIT 87699988877543565 57799796867111113 77589776766111116 68899887956563453 58699999697735346 75979988997652565 77789997796444345 86989999747155144 97711111111115353 66867896687522447
INIT 44634478997111114 45343759996111114 64436989999763544 46448989999755554 65659999999996879 68697999999999997 54666999999999997 45111111111178458 55448699999998987 44564969999969796
INIT 65455597967111116 56753667685233243 34354584743212124 75436757785523243 57567487876252442 64565548888433542 41111111111334433 55546457678756444 44334476775656576 45454648967111115
INIT 77868999999699899 87788999998979878 98999999999998797 78799999999788879 99899999999699788 11111111116788576 88899999998866668 75767897743424366 68789898976111114 46788999687111116
INIT 97877857747556564 79798988876669764 97999796786667766 99997979899997889 69889781111111111 98897879898999799 65654357679769798 65564456578111118 67664547585111117 48735645366967686
INIT 56757675858676999 76687898999989898 74659579978689989 79778611111111116 69579667999999999 79678756897999998 57668664678111119 43355457887111119 56667676999999999 76466478989999999
